   6.8933000e+02   0.0000000e+00
   7.0073000e+02   6.9748203e-03
   7.0083000e+02   6.8235971e-03
   7.0093000e+02   7.5229751e-03
   7.0103000e+02   8.4302776e-03
   7.0113000e+02   8.9028280e-03
   7.0123000e+02   8.4680699e-03
   7.0133000e+02   7.2961234e-03
   7.0143000e+02   5.9918608e-03
   7.0153000e+02   5.3680792e-03
   7.0163000e+02   4.8010040e-03
   7.0173000e+02   4.2717329e-03
   7.0183000e+02   3.7613637e-03
   7.0193000e+02   3.2509942e-03
   7.0203000e+02   2.7028197e-03
   7.0213000e+02   2.0979381e-03
   7.0223000e+02   1.5035090e-03
   7.0233000e+02   9.5659396e-04
   7.0243000e+02   5.6845744e-04
   7.0253000e+02   4.2478898e-04
   7.0263000e+02   5.5961260e-04
   7.0273000e+02   9.4652562e-04
   7.0283000e+02   1.5072783e-03
   7.0293000e+02   2.1545517e-03
   7.0303000e+02   2.7972143e-03
   7.0313000e+02   3.4020716e-03
   7.0323000e+02   3.8935147e-03
   7.0333000e+02   4.2904459e-03
   7.0343000e+02   4.5739627e-03
   7.0353000e+02   4.8196742e-03
   7.0363000e+02   5.1031894e-03
   7.0373000e+02   5.4812151e-03
   7.0383000e+02   6.0104578e-03
   7.0393000e+02   6.6153087e-03
   7.0403000e+02   7.2390608e-03
   7.0413000e+02   7.7872029e-03
   7.0423000e+02   8.2030281e-03
   7.0433000e+02   8.5054386e-03
   7.0443000e+02   8.7889456e-03
   7.0453000e+02   9.2047673e-03
   7.0463000e+02   9.7907079e-03
   7.0473000e+02   1.0622376e-02
   7.0483000e+02   1.1680871e-02
   7.0493000e+02   1.2909484e-02
   7.0503000e+02   1.4270411e-02
   7.0513000e+02   1.5706946e-02
   7.0523000e+02   1.7162381e-02
   7.0533000e+02   1.8655619e-02
   7.0543000e+02   2.0281171e-02
   7.0553000e+02   2.2133548e-02
   7.0563000e+02   2.4420675e-02
   7.0573000e+02   2.7161454e-02
   7.0583000e+02   3.0204667e-02
   7.0593000e+02   3.3569215e-02
   7.0603000e+02   3.7481927e-02
   7.0613000e+02   4.1734877e-02
   7.0623000e+02   4.6214651e-02
   7.0633000e+02   5.1185881e-02
   7.0643000e+02   5.6780883e-02
   7.0653000e+02   6.2886242e-02
   7.0663000e+02   6.9539764e-02
   7.0673000e+02   7.7384125e-02
   7.0683000e+02   8.7440045e-02
   7.0693000e+02   1.0000996e-01
   7.0703000e+02   1.1443230e-01
   7.0713000e+02   1.2996986e-01
   7.0723000e+02   1.4677387e-01
   7.0733000e+02   1.6578944e-01
   7.0743000e+02   1.8720559e-01
   7.0753000e+02   2.1024734e-01
   7.0763000e+02   2.3396955e-01
   7.0773000e+02   2.5682226e-01
   7.0783000e+02   2.7933472e-01
   7.0793000e+02   3.0483374e-01
   7.0803000e+02   3.4180641e-01
   7.0813000e+02   3.8305099e-01
   7.0823000e+02   4.1739623e-01
   7.0833000e+02   4.3537210e-01
   7.0843000e+02   4.2907743e-01
   7.0853000e+02   3.9492077e-01
   7.0863000e+02   3.4596349e-01
   7.0873000e+02   2.9950095e-01
   7.0883000e+02   2.7356548e-01
   7.0893000e+02   2.8696379e-01
   7.0903000e+02   3.5215011e-01
   7.0913000e+02   4.5624661e-01
   7.0923000e+02   5.7992271e-01
   7.0933000e+02   7.0328352e-01
   7.0943000e+02   8.0571692e-01
   7.0953000e+02   8.7344658e-01
   7.0963000e+02   9.2028574e-01
   7.0973000e+02   9.6546178e-01
   7.0983000e+02   1.0000000e+00
   7.0993000e+02   9.8700691e-01
   7.1003000e+02   9.0439463e-01
   7.1013000e+02   7.9281739e-01
   7.1023000e+02   7.0751026e-01
   7.1033000e+02   6.5909993e-01
   7.1043000e+02   6.1350913e-01
   7.1053000e+02   5.4309536e-01
   7.1063000e+02   4.5573184e-01
   7.1073000e+02   3.6844282e-01
   7.1083000e+02   2.9687357e-01
   7.1093000e+02   2.5512567e-01
   7.1103000e+02   2.4934934e-01
   7.1113000e+02   2.5383471e-01
   7.1123000e+02   2.4392378e-01
   7.1133000e+02   2.1515152e-01
   7.1143000e+02   1.9191896e-01
   7.1153000e+02   1.7437655e-01
   7.1163000e+02   1.6146541e-01
   7.1173000e+02   1.5118177e-01
   7.1183000e+02   1.4103045e-01
   7.1193000e+02   1.3029315e-01
   7.1203000e+02   1.2042533e-01
   7.1213000e+02   1.1307148e-01
   7.1223000e+02   1.0802366e-01
   7.1233000e+02   1.0371298e-01
   7.1243000e+02   9.9156535e-02
   7.1253000e+02   9.4562237e-02
   7.1263000e+02   9.0421545e-02
   7.1273000e+02   8.6828968e-02
   7.1283000e+02   8.3482067e-02
   7.1293000e+02   8.0078404e-02
   7.1303000e+02   7.6485660e-02
   7.1313000e+02   7.2647126e-02
   7.1323000e+02   6.8657311e-02
   7.1333000e+02   6.4667429e-02
   7.1343000e+02   6.0771989e-02
   7.1353000e+02   5.7065500e-02
   7.1363000e+02   5.3585761e-02
   7.1373000e+02   5.0408379e-02
   7.1383000e+02   4.7495545e-02
   7.1393000e+02   4.4809452e-02
   7.1403000e+02   4.2104365e-02
   7.1413000e+02   3.9210161e-02
   7.1423000e+02   3.6164640e-02
   7.1433000e+02   3.3156819e-02
   7.1443000e+02   3.0375717e-02
   7.1453000e+02   2.7896938e-02
   7.1463000e+02   2.5739378e-02
   7.1473000e+02   2.3865228e-02
   7.1483000e+02   2.2217775e-02
   7.1493000e+02   2.0721405e-02
   7.1503000e+02   1.9319404e-02
   7.1513000e+02   1.7973962e-02
   7.1523000e+02   1.6609463e-02
   7.1533000e+02   1.5282607e-02
   7.1543000e+02   1.4031190e-02
   7.1553000e+02   1.2949717e-02
   7.1563000e+02   1.2113788e-02
   7.1573000e+02   1.1504494e-02
   7.1583000e+02   1.0932802e-02
   7.1593000e+02   1.0304193e-02
   7.1603000e+02   9.5997548e-03
   7.1613000e+02   8.8005753e-03
   7.1623000e+02   7.9633510e-03
   7.1633000e+02   7.0691690e-03
   7.1643000e+02   6.1936273e-03
   7.1653000e+02   5.3745186e-03
   7.1663000e+02   4.6307332e-03
   7.1673000e+02   3.9811607e-03
   7.1683000e+02   3.4068858e-03
   7.1693000e+02   2.9456992e-03
   7.1703000e+02   2.5408799e-03
   7.1713000e+02   2.2491200e-03
   7.1723000e+02   2.0515016e-03
   7.1733000e+02   1.9669112e-03
   7.1743000e+02   1.9764296e-03
   7.1753000e+02   2.0989417e-03
   7.1763000e+02   2.2966251e-03
   7.1773000e+02   2.5316565e-03
   7.1783000e+02   2.8229186e-03
   7.1793000e+02   3.2270980e-03
   7.1803000e+02   3.8386850e-03
   7.1813000e+02   4.8277780e-03
   7.1823000e+02   6.2510613e-03
   7.1833000e+02   8.1463159e-03
   7.1843000e+02   1.0381202e-02
   7.1853000e+02   1.2804475e-02
   7.1863000e+02   1.5264893e-02
   7.1873000e+02   1.7705721e-02
   7.1883000e+02   2.0126931e-02
   7.1893000e+02   2.2604104e-02
   7.1903000e+02   2.5231720e-02
   7.1913000e+02   2.8123163e-02
   7.1923000e+02   3.1372912e-02
   7.1933000e+02   3.5075447e-02
   7.1943000e+02   3.9174025e-02
   7.1953000e+02   4.3536297e-02
   7.1963000e+02   4.7916498e-02
   7.1973000e+02   5.2125568e-02
   7.1983000e+02   5.6144567e-02
   7.1993000e+02   6.0124676e-02
   7.2003000e+02   6.4387191e-02
   7.2013000e+02   6.9253412e-02
   7.2023000e+02   7.4950124e-02
   7.2033000e+02   8.1458382e-02
   7.2043000e+02   8.5602563e-02
   7.2053000e+02   9.0406986e-02
   7.2063000e+02   9.6022822e-02
   7.2073000e+02   1.0369758e-01
   7.2083000e+02   1.1420619e-01
   7.2093000e+02   1.2650900e-01
   7.2103000e+02   1.3907487e-01
   7.2113000e+02   1.5042939e-01
   7.2123000e+02   1.5917372e-01
   7.2133000e+02   1.6438162e-01
   7.2143000e+02   1.6525914e-01
   7.2153000e+02   1.6099345e-01
   7.2163000e+02   1.5143326e-01
   7.2173000e+02   1.3886571e-01
   7.2183000e+02   1.2625840e-01
   7.2193000e+02   1.1654114e-01
   7.2203000e+02   1.1188764e-01
   7.2213000e+02   1.1139055e-01
   7.2223000e+02   1.1332973e-01
   7.2233000e+02   1.1602282e-01
   7.2243000e+02   1.1820334e-01
   7.2253000e+02   1.2024929e-01
   7.2263000e+02   1.2299234e-01
   7.2273000e+02   1.2722636e-01
   7.2283000e+02   1.3338605e-01
   7.2293000e+02   1.4039398e-01
   7.2303000e+02   1.4679463e-01
   7.2313000e+02   1.5109472e-01
   7.2323000e+02   1.5219789e-01
   7.2333000e+02   1.5044438e-01
   7.2343000e+02   1.4647685e-01
   7.2353000e+02   1.4097578e-01
   7.2363000e+02   1.3454605e-01
   7.2373000e+02   1.2745229e-01
   7.2383000e+02   1.1986465e-01
   7.2393000e+02   1.1199106e-01
   7.2403000e+02   1.0402057e-01
   7.2413000e+02   9.6198943e-02
   7.2423000e+02   8.8771945e-02
   7.2433000e+02   8.1985351e-02
   7.2443000e+02   7.6047135e-02
   7.2453000e+02   7.0881745e-02
   7.2463000e+02   6.6413637e-02
   7.2473000e+02   6.2491663e-02
   7.2483000e+02   5.8964683e-02
   7.2493000e+02   5.5492540e-02
   7.2503000e+02   5.0525340e-02
   7.2513000e+02   4.6917418e-02
   7.2523000e+02   4.3742669e-02
   7.2533000e+02   4.0887786e-02
   7.2543000e+02   3.8220568e-02
   7.2553000e+02   3.5703330e-02
   7.2563000e+02   3.3317292e-02
   7.2573000e+02   3.1119291e-02
   7.2583000e+02   2.9147262e-02
   7.2593000e+02   2.7458048e-02
   7.2603000e+02   2.6032886e-02
   7.2613000e+02   2.4796307e-02
   7.2623000e+02   2.3672844e-02
   7.2633000e+02   2.2530326e-02
   7.2643000e+02   2.1255483e-02
   7.2653000e+02   1.9829558e-02
   7.2663000e+02   1.8290499e-02
   7.2673000e+02   1.6751862e-02
   7.2683000e+02   1.5346105e-02
   7.2693000e+02   1.4148975e-02
   7.2703000e+02   1.3198412e-02
   7.2713000e+02   1.2437843e-02
   7.2723000e+02   1.1735080e-02
   7.2733000e+02   1.0995736e-02
   7.2743000e+02   1.0201029e-02
   7.2753000e+02   9.3888781e-03
   7.2763000e+02   8.6917081e-03
   7.2773000e+02   8.2041337e-03
   7.2783000e+02   7.9640567e-03
   7.2793000e+02   7.9148616e-03
   7.2803000e+02   7.9054149e-03
   7.2813000e+02   7.8034791e-03
   7.2823000e+02   7.4957121e-03
   7.2833000e+02   6.9443742e-03
   7.2843000e+02   6.2251327e-03
   7.2853000e+02   5.4325503e-03
   7.2863000e+02   4.6611831e-03
   7.2873000e+02   3.9866788e-03
   7.2883000e+02   3.4279715e-03
   7.2893000e+02   2.8905759e-03
   7.2903000e+02   2.3556095e-03
   7.2913000e+02   1.8041843e-03
   7.2923000e+02   1.2552110e-03
   7.2933000e+02   8.0320395e-04
   7.2943000e+02   5.9937937e-04
   7.2953000e+02   6.6263279e-04
   7.2963000e+02   1.0874642e-03
   7.2973000e+02   1.7793469e-03
   7.2983000e+02   2.6248479e-03
   7.2993000e+02   3.4916282e-03
   7.3003000e+02   4.2284432e-03
   7.3013000e+02   4.7029476e-03
   7.3023000e+02   4.9340109e-03
   7.3033000e+02   5.0350118e-03
   7.3043000e+02   5.1760332e-03
   7.3053000e+02   5.5271559e-03
   7.3063000e+02   6.1072411e-03
   7.3073000e+02   6.8595391e-03
   7.3083000e+02   7.5571788e-03
   7.3093000e+02   8.0110922e-03
   7.3103000e+02   8.1267221e-03
   7.3113000e+02   7.9040213e-03
   7.3123000e+02   7.4563561e-03
   7.3133000e+02   6.8970921e-03
   7.3143000e+02   6.3773991e-03
   7.3153000e+02   5.9350337e-03
   7.3163000e+02   5.6266543e-03
   7.3173000e+02   5.4522131e-03
   7.3183000e+02   5.3738578e-03
   7.3193000e+02   5.2970299e-03
   7.3203000e+02   5.1838780e-03
   7.3213000e+02   4.9965513e-03
   7.3223000e+02   4.7161019e-03
   7.3233000e+02   4.4558985e-03
   7.3243000e+02   4.2347990e-03
   7.3253000e+02   4.1472715e-03
   7.3263000e+02   4.1743712e-03
   7.3273000e+02   4.2593495e-03
   7.3283000e+02   4.3832636e-03
   7.3293000e+02   4.4893670e-03
   7.3303000e+02   4.5398162e-03
   7.3313000e+02   4.5912802e-03
   7.3323000e+02   4.6815267e-03
   7.3333000e+02   4.8294221e-03
   7.3343000e+02   5.0538338e-03
   7.3353000e+02   5.3358256e-03
   7.3363000e+02   5.6375603e-03
   7.3373000e+02   5.8644947e-03
   7.3383000e+02   5.9787933e-03
   7.3393000e+02   6.0182307e-03
   7.3403000e+02   5.9638758e-03
   7.3413000e+02   5.8913096e-03
   7.3423000e+02   5.8194072e-03
   7.3433000e+02   5.8048492e-03
   7.3443000e+02   5.9043172e-03
   7.3453000e+02   6.0988844e-03
   7.3463000e+02   6.4074296e-03
   7.3473000e+02   6.7354188e-03
   7.3483000e+02   7.0261233e-03
   7.3493000e+02   7.1283041e-03
   7.3503000e+02   7.0230384e-03
   7.3513000e+02   6.7481113e-03
   7.3523000e+02   6.3791129e-03
   7.3533000e+02   6.0861455e-03
   7.3543000e+02   5.9069960e-03
   7.3553000e+02   5.9172568e-03
   7.3563000e+02   6.0602050e-03
   7.3573000e+02   6.2980205e-03
   7.3583000e+02   6.5361771e-03
   7.3593000e+02   6.6990517e-03
   7.3603000e+02   6.7488258e-03
   7.3613000e+02   6.6287795e-03
   7.3623000e+02   6.3767047e-03
   7.3633000e+02   6.0492959e-03
   7.3643000e+02   5.7788574e-03
   7.3653000e+02   5.6598891e-03
   7.3663000e+02   5.7112827e-03
   7.3673000e+02   5.8763209e-03
   7.3683000e+02   6.0415805e-03
   7.3693000e+02   6.0747361e-03
   7.3703000e+02   5.9190720e-03
   7.3713000e+02   5.5556770e-03
   7.3723000e+02   5.0790543e-03
   7.3733000e+02   4.5270002e-03
   7.3743000e+02   3.9751161e-03
   7.3753000e+02   3.4801016e-03
   7.3763000e+02   3.0986563e-03
   7.3773000e+02   2.8874802e-03
   7.3783000e+02   2.7898602e-03
   7.3793000e+02   2.8246922e-03
   7.3803000e+02   2.8785570e-03
   7.3813000e+02   2.9514487e-03
   7.3823000e+02   3.0244597e-03
   7.3833000e+02   3.1164872e-03
   7.3843000e+02   3.2842328e-03
   7.3853000e+02   3.6033008e-03
   7.3863000e+02   4.0736867e-03
   7.3873000e+02   4.6575817e-03
   7.3883000e+02   5.2415680e-03
   7.3893000e+02   5.7500326e-03
   7.3903000e+02   6.0695581e-03
   7.3913000e+02   6.2190431e-03
   7.3923000e+02   6.1795820e-03
   7.3933000e+02   6.0834870e-03
   7.3943000e+02   6.0630710e-03
   7.3953000e+02   6.3262555e-03
   7.3963000e+02   7.1187670e-03
   7.3973000e+02   7.1741515e-03
   7.3983000e+02   7.0216696e-03
   7.3993000e+02   6.4722960e-03
   7.4003000e+02   5.9796825e-03
   7.4013000e+02   6.7913757e-03
   7.4023000e+02   1.0306140e-02
   7.4033000e+02   1.7922741e-02
