   6.8933000e+02   0.0000000e+00
   7.0073000e+02   2.2922797e-03
   7.0083000e+02   1.0173663e-03
   7.0093000e+02   1.1278676e-03
   7.0103000e+02   1.9528373e-03
   7.0113000e+02   2.8178339e-03
   7.0123000e+02   3.1560774e-03
   7.0133000e+02   3.0616223e-03
   7.0143000e+02   3.0423758e-03
   7.0153000e+02   3.1923919e-03
   7.0163000e+02   3.5116668e-03
   7.0173000e+02   3.8873273e-03
   7.0183000e+02   4.2441227e-03
   7.0193000e+02   4.4879906e-03
   7.0203000e+02   4.6377368e-03
   7.0213000e+02   4.6557325e-03
   7.0223000e+02   4.5795939e-03
   7.0233000e+02   4.4845598e-03
   7.0243000e+02   4.3894338e-03
   7.0253000e+02   4.3318302e-03
   7.0263000e+02   4.3117396e-03
   7.0273000e+02   4.3479631e-03
   7.0283000e+02   4.4028664e-03
   7.0293000e+02   4.4764370e-03
   7.0303000e+02   4.6062843e-03
   7.0313000e+02   4.7735820e-03
   7.0323000e+02   5.0159368e-03
   7.0333000e+02   5.2580849e-03
   7.0343000e+02   5.5000069e-03
   7.0353000e+02   5.7416815e-03
   7.0363000e+02   6.0018969e-03
   7.0373000e+02   6.3558735e-03
   7.0383000e+02   6.8035836e-03
   7.0393000e+02   7.3261851e-03
   7.0403000e+02   7.8860217e-03
   7.0413000e+02   8.4078109e-03
   7.0423000e+02   9.0984393e-03
   7.0433000e+02   1.0334093e-02
   7.0443000e+02   1.2095913e-02
   7.0453000e+02   1.4045241e-02
   7.0463000e+02   1.6031527e-02
   7.0473000e+02   1.8224012e-02
   7.0483000e+02   2.1092916e-02
   7.0493000e+02   2.5296566e-02
   7.0503000e+02   3.1173489e-02
   7.0513000e+02   3.8742407e-02
   7.0523000e+02   4.7683428e-02
   7.0533000e+02   5.7450911e-02
   7.0543000e+02   6.7649700e-02
   7.0553000e+02   7.8185611e-02
   7.0563000e+02   8.9397113e-02
   7.0573000e+02   1.0213057e-01
   7.0583000e+02   1.1736402e-01
   7.0593000e+02   1.3519135e-01
   7.0603000e+02   1.5457771e-01
   7.0613000e+02   1.7484569e-01
   7.0623000e+02   1.9757522e-01
   7.0633000e+02   2.2571946e-01
   7.0643000e+02   2.5969197e-01
   7.0653000e+02   2.9699055e-01
   7.0663000e+02   3.3501886e-01
   7.0673000e+02   3.7390825e-01
   7.0683000e+02   4.1587809e-01
   7.0693000e+02   4.6258337e-01
   7.0703000e+02   5.1426820e-01
   7.0713000e+02   5.6901332e-01
   7.0723000e+02   6.2175791e-01
   7.0733000e+02   6.9319405e-01
   7.0743000e+02   7.2716881e-01
   7.0753000e+02   7.8700103e-01
   7.0763000e+02   8.6518422e-01
   7.0773000e+02   9.4488133e-01
   7.0783000e+02   1.0000000e+00
   7.0793000e+02   9.9530543e-01
   7.0803000e+02   9.1380990e-01
   7.0813000e+02   8.1311325e-01
   7.0823000e+02   7.6674856e-01
   7.0833000e+02   7.8487295e-01
   7.0843000e+02   8.1436159e-01
   7.0853000e+02   8.0985873e-01
   7.0863000e+02   7.6822159e-01
   7.0873000e+02   6.9697345e-01
   7.0883000e+02   6.0723054e-01
   7.0893000e+02   5.1366443e-01
   7.0903000e+02   4.2940413e-01
   7.0913000e+02   3.6065600e-01
   7.0923000e+02   3.1168881e-01
   7.0933000e+02   2.8156059e-01
   7.0943000e+02   2.6404334e-01
   7.0953000e+02   2.5432003e-01
   7.0963000e+02   2.5383791e-01
   7.0973000e+02   2.6551166e-01
   7.0983000e+02   2.8800471e-01
   7.0993000e+02   3.1582331e-01
   7.1003000e+02   3.4296602e-01
   7.1013000e+02   3.6235940e-01
   7.1023000e+02   3.6691146e-01
   7.1033000e+02   3.5622742e-01
   7.1043000e+02   3.3660973e-01
   7.1053000e+02   3.1375923e-01
   7.1063000e+02   2.8987821e-01
   7.1073000e+02   2.6626639e-01
   7.1083000e+02   2.4337738e-01
   7.1093000e+02   2.2095033e-01
   7.1103000e+02   1.9889408e-01
   7.1123000e+02   1.7938401e-01
   7.1133000e+02   1.6231718e-01
   7.1143000e+02   1.4604965e-01
   7.1153000e+02   1.3077373e-01
   7.1163000e+02   1.1664419e-01
   7.1173000e+02   1.0379700e-01
   7.1183000e+02   9.2330457e-02
   7.1193000e+02   8.2248679e-02
   7.1203000e+02   7.3423922e-02
   7.1213000e+02   6.5652951e-02
   7.1223000e+02   5.8544125e-02
   7.1233000e+02   5.1724281e-02
   7.1243000e+02   4.5139691e-02
   7.1253000e+02   3.9187714e-02
   7.1263000e+02   3.4321752e-02
   7.1273000e+02   3.0562147e-02
   7.1283000e+02   2.7665491e-02
   7.1293000e+02   2.5350383e-02
   7.1303000e+02   2.3410315e-02
   7.1313000e+02   2.1638456e-02
   7.1323000e+02   1.9921740e-02
   7.1333000e+02   1.8165648e-02
   7.1343000e+02   1.6313059e-02
   7.1353000e+02   1.4363090e-02
   7.1363000e+02   1.2352318e-02
   7.1373000e+02   1.0317193e-02
   7.1383000e+02   8.3316817e-03
   7.1393000e+02   6.5073017e-03
   7.1403000e+02   4.8990840e-03
   7.1413000e+02   3.5620300e-03
   7.1423000e+02   2.5135070e-03
   7.1433000e+02   1.7896985e-03
   7.1443000e+02   1.3891835e-03
   7.1453000e+02   1.2729469e-03
   7.1463000e+02   1.3832005e-03
   7.1473000e+02   1.6810128e-03
   7.1483000e+02   2.0522564e-03
   7.1493000e+02   2.4392927e-03
   7.1503000e+02   2.7657281e-03
   7.1513000e+02   3.0304731e-03
   7.1523000e+02   3.1948732e-03
   7.1533000e+02   3.3332010e-03
   7.1543000e+02   3.4633518e-03
   7.1553000e+02   3.5656533e-03
   7.1563000e+02   3.6581100e-03
   7.1573000e+02   3.7211550e-03
   7.1583000e+02   3.7164592e-03
   7.1593000e+02   3.6433633e-03
   7.1603000e+02   3.4824408e-03
   7.1613000e+02   3.2143069e-03
   7.1623000e+02   2.8572389e-03
   7.1633000e+02   2.4483620e-03
   7.1643000e+02   2.0812702e-03
   7.1653000e+02   1.8119659e-03
   7.1663000e+02   1.6776694e-03
   7.1673000e+02   1.6780050e-03
   7.1683000e+02   1.7373760e-03
   7.1693000e+02   1.8178314e-03
   7.1703000e+02   1.9190643e-03
   7.1713000e+02   2.0407867e-03
   7.1723000e+02   2.2579741e-03
   7.1733000e+02   2.6832408e-03
   7.1743000e+02   3.3727806e-03
   7.1753000e+02   4.4016117e-03
   7.1763000e+02   5.7695179e-03
   7.1773000e+02   7.4762929e-03
   7.1783000e+02   9.5405511e-03
   7.1793000e+02   1.2018538e-02
   7.1803000e+02   1.5116996e-02
   7.1813000e+02   1.9023866e-02
   7.1823000e+02   2.3945901e-02
   7.1833000e+02   3.0014614e-02
   7.1843000e+02   3.7286276e-02
   7.1853000e+02   4.5741914e-02
   7.1863000e+02   5.5287308e-02
   7.1873000e+02   6.5828244e-02
   7.1893000e+02   7.4338998e-02
   7.1903000e+02   9.2323931e-02
   7.1913000e+02   1.1113446e-01
   7.1923000e+02   1.2975462e-01
   7.1933000e+02   1.4775155e-01
   7.1943000e+02   1.6484294e-01
   7.1953000e+02   1.8070881e-01
   7.1963000e+02   1.9497276e-01
   7.1973000e+02   2.0682572e-01
   7.1983000e+02   2.1536455e-01
   7.1993000e+02   2.1964848e-01
   7.2003000e+02   2.1956447e-01
   7.2013000e+02   2.1814096e-01
   7.2023000e+02   2.1910242e-01
   7.2033000e+02   2.2628619e-01
   7.2043000e+02   2.4189301e-01
   7.2053000e+02   2.6200985e-01
   7.2063000e+02   2.8110591e-01
   7.2073000e+02   2.9370681e-01
   7.2083000e+02   2.9589951e-01
   7.2093000e+02   2.9007283e-01
   7.2103000e+02   2.8025217e-01
   7.2113000e+02   2.7040650e-01
   7.2123000e+02   2.6341369e-01
   7.2133000e+02   2.5773093e-01
   7.2143000e+02   2.5063028e-01
   7.2153000e+02   2.3947782e-01
   7.2163000e+02   2.2258023e-01
   7.2173000e+02   2.0230746e-01
   7.2183000e+02   1.8210168e-01
   7.2193000e+02   1.6532986e-01
   7.2203000e+02   1.5443717e-01
   7.2213000e+02   1.4795598e-01
   7.2223000e+02   1.4345928e-01
   7.2233000e+02   1.3850124e-01
   7.2243000e+02   1.3135089e-01
   7.2253000e+02   1.2294846e-01
   7.2263000e+02   1.1491140e-01
   7.2273000e+02   1.0887598e-01
   7.2283000e+02   1.0612106e-01
   7.2293000e+02   1.0657107e-01
   7.2303000e+02   1.0973658e-01
   7.2313000e+02   1.1522224e-01
   7.2323000e+02   1.2229411e-01
   7.2333000e+02   1.2920242e-01
   7.2343000e+02   1.3393406e-01
   7.2353000e+02   1.3443831e-01
   7.2363000e+02   1.2943575e-01
   7.2373000e+02   1.2041225e-01
   7.2383000e+02   1.0960619e-01
   7.2393000e+02   9.9255939e-02
   7.2403000e+02   9.1092014e-02
   7.2413000e+02   8.4944983e-02
   7.2423000e+02   8.0193974e-02
   7.2433000e+02   7.6161716e-02
   7.2443000e+02   7.2302653e-02
   7.2453000e+02   6.8315821e-02
   7.2463000e+02   6.4031975e-02
   7.2473000e+02   5.9225480e-02
   7.2483000e+02   5.3840051e-02
   7.2493000e+02   4.8421418e-02
   7.2503000e+02   5.0174628e-02
   7.2513000e+02   4.7342792e-02
   7.2523000e+02   4.4629130e-02
   7.2533000e+02   4.2034040e-02
   7.2543000e+02   3.9576784e-02
   7.2553000e+02   3.7333110e-02
   7.2563000e+02   3.5378818e-02
   7.2573000e+02   3.3752136e-02
   7.2583000e+02   3.2434906e-02
   7.2593000e+02   3.1333771e-02
   7.2603000e+02   3.0280174e-02
   7.2613000e+02   2.9124412e-02
   7.2623000e+02   2.7810880e-02
   7.2633000e+02   2.6340442e-02
   7.2643000e+02   2.4808052e-02
   7.2653000e+02   2.3346317e-02
   7.2663000e+02   2.2012619e-02
   7.2673000e+02   2.0864361e-02
   7.2683000e+02   1.9846090e-02
   7.2693000e+02   1.8902361e-02
   7.2703000e+02   1.7977735e-02
   7.2713000e+02   1.6941524e-02
   7.2723000e+02   1.5719467e-02
   7.2733000e+02   1.4293727e-02
   7.2743000e+02   1.2646451e-02
   7.2753000e+02   1.0891442e-02
   7.2763000e+02   9.1612895e-03
   7.2773000e+02   7.5885537e-03
   7.2783000e+02   6.2681357e-03
   7.2793000e+02   5.1632187e-03
   7.2803000e+02   4.1616980e-03
   7.2813000e+02   3.1890480e-03
   7.2823000e+02   2.2083195e-03
   7.2833000e+02   1.2201377e-03
   7.2843000e+02   3.5675801e-04
   7.2853000e+02  -2.6842663e-04
   7.2863000e+02  -5.6088668e-04
   7.2873000e+02  -5.0139068e-04
   7.2883000e+02  -8.9570599e-05
   7.2893000e+02   5.6202114e-04
   7.2903000e+02   1.3407815e-03
   7.2913000e+02   2.1152466e-03
   7.2923000e+02   2.7162814e-03
   7.2933000e+02   3.1251966e-03
   7.2943000e+02   3.2668239e-03
   7.2953000e+02   3.1788218e-03
   7.2963000e+02   2.9364314e-03
   7.2973000e+02   2.5584218e-03
   7.2983000e+02   2.0635263e-03
   7.2993000e+02   1.4328226e-03
   7.3003000e+02   6.6616958e-04
   7.3013000e+02  -2.1779059e-04
   7.3023000e+02  -1.1628179e-03
   7.3033000e+02  -2.1126954e-03
   7.3043000e+02  -2.9924152e-03
   7.3053000e+02  -3.7269874e-03
   7.3063000e+02  -4.2790612e-03
   7.3073000e+02  -4.6112997e-03
   7.3083000e+02  -4.6675659e-03
   7.3093000e+02  -4.3917330e-03
   7.3103000e+02  -3.7464933e-03
   7.3113000e+02  -2.8262258e-03
   7.3123000e+02  -1.7629374e-03
   7.3133000e+02  -7.2626069e-04
   7.3143000e+02   1.3298116e-04
   7.3153000e+02   7.7683369e-04
   7.3163000e+02   1.2425890e-03
   7.3173000e+02   1.6427871e-03
   7.3183000e+02   2.0899704e-03
   7.3193000e+02   2.6402506e-03
   7.3203000e+02   3.2744974e-03
   7.3213000e+02   3.9171511e-03
   7.3223000e+02   4.4738461e-03
   7.3233000e+02   4.8502224e-03
   7.3243000e+02   4.9895499e-03
   7.3253000e+02   4.9667855e-03
   7.3263000e+02   4.8192701e-03
   7.3273000e+02   4.6407866e-03
   7.3283000e+02   4.5815597e-03
   7.3293000e+02   4.6037069e-03
   7.3303000e+02   4.6881647e-03
   7.3313000e+02   4.7218202e-03
   7.3323000e+02   4.6291910e-03
   7.3333000e+02   4.3912371e-03
   7.3343000e+02   4.0265492e-03
   7.3353000e+02   3.5913485e-03
   7.3363000e+02   3.1418640e-03
   7.3373000e+02   2.6778975e-03
   7.3383000e+02   2.2180697e-03
   7.3393000e+02   1.7057625e-03
   7.3403000e+02   1.1972337e-03
   7.3413000e+02   7.2993681e-04
   7.3423000e+02   3.7895465e-04
   7.3433000e+02   2.0056529e-04
   7.3443000e+02   2.1343010e-04
   7.3453000e+02   3.7978215e-04
   7.3463000e+02   6.2423748e-04
   7.3473000e+02   8.5260643e-04
   7.3483000e+02   1.0647624e-03
   7.3493000e+02   1.2605843e-03
   7.3503000e+02   1.4963907e-03
   7.3513000e+02   1.7908822e-03
   7.3523000e+02   2.1251412e-03
   7.3533000e+02   2.4614435e-03
   7.3543000e+02   2.6868232e-03
   7.3553000e+02   2.7259419e-03
   7.3563000e+02   2.5410881e-03
   7.3573000e+02   2.1886122e-03
   7.3583000e+02   1.7248681e-03
   7.3593000e+02   1.2438365e-03
   7.3603000e+02   8.5831299e-04
   7.3613000e+02   5.8703929e-04
   7.3623000e+02   4.1113722e-04
   7.3633000e+02   2.1767424e-04
   7.3643000e+02  -8.7467716e-05
   7.3653000e+02  -5.7959238e-04
   7.3663000e+02  -1.2023203e-03
   7.3673000e+02  -1.8616464e-03
   7.3683000e+02  -2.3883171e-03
   7.3693000e+02  -2.6130766e-03
   7.3703000e+02  -2.4983471e-03
   7.3713000e+02  -2.1006064e-03
   7.3723000e+02  -1.5515759e-03
   7.3733000e+02  -1.0205982e-03
   7.3743000e+02  -6.0176810e-04
   7.3753000e+02  -3.1393250e-04
   7.3763000e+02  -1.0069064e-04
   7.3773000e+02   1.1317138e-04
   7.3783000e+02   3.6524600e-04
   7.3793000e+02   6.9312717e-04
   7.3803000e+02   1.0215412e-03
   7.3813000e+02   1.3128389e-03
   7.3823000e+02   1.4729377e-03
   7.3833000e+02   1.5018137e-03
   7.3843000e+02   1.3618214e-03
   7.3853000e+02   1.1469967e-03
   7.3863000e+02   9.3256516e-04
   7.3873000e+02   7.9375323e-04
   7.3883000e+02   7.6816542e-04
   7.3893000e+02   8.5578411e-04
   7.3903000e+02   1.0001581e-03
   7.3913000e+02   1.1260254e-03
   7.3923000e+02   1.1769365e-03
   7.3933000e+02   1.0964424e-03
   7.3943000e+02   9.2215247e-04
   7.3953000e+02   7.4811121e-04
   7.3963000e+02   6.6836372e-04
   7.3973000e+02   1.1531857e-03
   7.3983000e+02   1.8451475e-03
   7.3993000e+02   1.9165327e-03
   7.4003000e+02   1.0475356e-03
   7.4013000e+02  -1.9750834e-04
   7.4023000e+02  -1.1225829e-03
   7.4033000e+02  -1.0504827e-03
